command = reg_aladin -ref target.nii.gz -flo Baseline.nii.gz -lp 1 -pv 10 -maxit 1 -noSym
==================================master====================================
0.9567	-0.0067	0.0278	-2.3107
0.1366	1.0002	0.2380	-2.3038
0.0016	-0.1612	0.9361	-10.2842
0.0000	0.0000	0.0000	1.0000
- - - - - - - - - - - - - - - - - - - - - - - - - - - - - - - - - - - - - - - -
Registration Performed in 0 min 5 sec
============================================================================


=================================platf=CPU==================================

============================================================================


=================================platf=Cuda=================================

============================================================================

****************************************************************************
****************************************************************************

command = reg_aladin -ref target.nii.gz -flo Baseline.nii.gz -lp 1 -pv 10 -maxit 1
==================================master====================================
[reg_aladin_sym] Final forward transformation matrix::
0.9682	0.0165	-0.0624	-2.1448
0.0022	0.9318	-0.1293	-8.3027
0.0430	0.1373	0.8194	-0.7045
0.0000	0.0000	0.0000	1.0000
[reg_aladin_sym] Final backward transformation matrix::
1.0296	-0.0291	0.0739	2.0187
-0.0097	1.0491	0.1648	8.8054
-0.0524	-0.1742	1.1889	-0.7213
0.0000	0.0000	0.0000	1.0000
- - - - - - - - - - - - - - - - - - - - - - - - - - - - - - - - - - - - - - - -
Registration Performed in 0 min 5 sec
============================================================================


=================================platf=CPU==================================

============================================================================


=================================platf=Cuda=================================

============================================================================

****************************************************************************
****************************************************************************

command = reg_aladin -ref target.nii.gz -flo Baseline.nii.gz -lp 2 -pv 10 -maxit 1 -noSym
==================================master====================================
0.9229	-0.0283	0.0094	-2.0513
0.0982	0.9640	0.2139	-2.0967
0.0006	-0.1533	0.9157	-8.1839
0.0000	0.0000	0.0000	1.0000
- - - - - - - - - - - - - - - - - - - - - - - - - - - - - - - - - - - - - - - -
Registration Performed in 0 min 5 sec
============================================================================


=================================platf=CPU==================================

============================================================================


=================================platf=Cuda=================================

============================================================================

****************************************************************************
****************************************************************************

command = reg_aladin -ref target.nii.gz -flo Baseline.nii.gz -lp 2 -pv 10 -maxit 1
==================================master====================================
[reg_aladin_sym] Final forward transformation matrix::
0.9515	0.0288	-0.0410	-2.1404
-0.0066	0.9069	-0.1187	-7.7189
0.0218	0.1330	0.8194	-1.0520
-0.0000	-0.0000	-0.0000	1.0000
[reg_aladin_sym] Final backward transformation matrix::
1.0496	-0.0401	0.0467	1.9859
0.0039	1.0796	0.1566	8.5064
-0.0286	-0.1742	1.1938	-0.1499
0.0000	0.0000	0.0000	1.0000
- - - - - - - - - - - - - - - - - - - - - - - - - - - - - - - - - - - - - - - -
Registration Performed in 0 min 6 sec
============================================================================


=================================platf=CPU==================================

============================================================================


=================================platf=Cuda=================================

============================================================================

****************************************************************************
****************************************************************************

command = reg_aladin -ref target.nii.gz -flo Baseline.nii.gz -lp 2 -pv 50 -maxit 2 -noSym
==================================master====================================
0.9118	0.0203	-0.0023	-1.7638
0.0110	0.9247	-0.1310	-8.5019
0.0167	0.1285	0.7800	-0.4180
0.0000	0.0000	0.0000	1.0000
- - - - - - - - - - - - - - - - - - - - - - - - - - - - - - - - - - - - - - - -
Registration Performed in 0 min 11 sec
============================================================================


=================================platf=CPU==================================

============================================================================


=================================platf=Cuda=================================

============================================================================

****************************************************************************
****************************************************************************

command = reg_aladin -ref target.nii.gz -flo Baseline.nii.gz -lp 2 -pv 50 -maxit 2
==================================master====================================
[reg_aladin_sym] Final forward transformation matrix::
0.9099	0.0246	-0.0078	-1.3937
-0.0116	0.9092	-0.1215	-7.2964
0.0096	0.1185	0.8123	-0.5853
0.0000	0.0000	0.0000	1.0000
[reg_aladin_sym] Final backward transformation matrix::
1.0985	-0.0305	0.0060	1.3123
0.0121	1.0785	0.1615	7.9805
-0.0148	-0.1570	1.2075	-0.4596
-0.0000	-0.0000	-0.0000	1.0000
- - - - - - - - - - - - - - - - - - - - - - - - - - - - - - - - - - - - - - - -
Registration Performed in 0 min 22 sec
============================================================================


=================================platf=CPU==================================

============================================================================


=================================platf=Cuda=================================

============================================================================

****************************************************************************
****************************************************************************



