reg_aladin -ref target.nii.gz -flo Baseline.nii.gz -lp 1 -pv 10 -maxit 1 -noSym
==================================master====================================
0.9567	-0.0067	0.0278	-2.3107
0.1366	1.0002	0.2380	-2.3038
0.0016	-0.1612	0.9361	-10.2842
0.0000	0.0000	0.0000	1.0000
- - - - - - - - - - - - - - - - - - - - - - - - - - - - - - - - - - - - - - - -
Registration Performed in 0 min 5 sec
============================================================================


=================================platf=CPU==================================
[reg_aladin] Final transformation matrix::
0.956749	-0.006696	0.027793	-2.310701
0.136597	1.000231	0.237971	-2.303836
0.001595	-0.161160	0.936110	-10.284247
0.000000	0.000000	0.000000	1.000000
============================================================================


=================================platf=Cuda=================================

============================================================================

****************************************************************************
****************************************************************************

reg_aladin -ref target.nii.gz -flo Baseline.nii.gz -lp 1 -pv 10 -maxit 1
==================================master====================================
[reg_aladin_sym] Final forward transformation matrix::
0.9682	0.0165	-0.0624	-2.1448
0.0022	0.9318	-0.1293	-8.3027
0.0430	0.1373	0.8194	-0.7045
0.0000	0.0000	0.0000	1.0000
[reg_aladin_sym] Final backward transformation matrix::
1.0296	-0.0291	0.0739	2.0187
-0.0097	1.0491	0.1648	8.8054
-0.0524	-0.1742	1.1889	-0.7213
0.0000	0.0000	0.0000	1.0000
- - - - - - - - - - - - - - - - - - - - - - - - - - - - - - - - - - - - - - - -
Registration Performed in 0 min 5 sec
============================================================================


=================================platf=CPU==================================
[reg_aladin_sym] Final forward transformation matrix::
0.968202	0.016498	-0.062434	-2.144819
0.002181	0.931828	-0.129283	-8.302706
0.042984	0.137280	0.819435	-0.704555
0.000000	0.000000	0.000000	1.000000
[reg_aladin_sym] Final backward transformation matrix::
1.029629	-0.029110	0.073856	2.018710
-0.009678	1.049056	0.164773	8.805335
-0.052388	-0.174221	1.188875	-0.721246
0.000000	0.000000	0.000000	1.000000
2sec
============================================================================


=================================platf=Cuda=================================

============================================================================

****************************************************************************
****************************************************************************

reg_aladin -ref target.nii.gz -flo Baseline.nii.gz -lp 2 -pv 10 -maxit 1 -noSym
==================================master====================================
0.9229	-0.0283	0.0094	-2.0513
0.0982	0.9640	0.2139	-2.0967
0.0006	-0.1533	0.9157	-8.1839
0.0000	0.0000	0.0000	1.0000
- - - - - - - - - - - - - - - - - - - - - - - - - - - - - - - - - - - - - - - -
Registration Performed in 0 min 5 sec
============================================================================


=================================platf=CPU==================================
0.922923	-0.028349	0.009414	-2.051341
0.098156	0.964031	0.213907	-2.096730
0.000604	-0.153340	0.915696	-8.183867
0.000000	0.000000	0.000000	1.000000
============================================================================


=================================platf=Cuda=================================

============================================================================

****************************************************************************
****************************************************************************

reg_aladin -ref target.nii.gz -flo Baseline.nii.gz -lp 2 -pv 10 -maxit 1
==================================master====================================
[reg_aladin_sym] Final forward transformation matrix::
0.9515	0.0288	-0.0410	-2.1404
-0.0066	0.9069	-0.1187	-7.7189
0.0218	0.1330	0.8194	-1.0520
-0.0000	-0.0000	-0.0000	1.0000
[reg_aladin_sym] Final backward transformation matrix::
1.0496	-0.0401	0.0467	1.9859
0.0039	1.0796	0.1566	8.5064
-0.0286	-0.1742	1.1938	-0.1499
0.0000	0.0000	0.0000	1.0000
- - - - - - - - - - - - - - - - - - - - - - - - - - - - - - - - - - - - - - - -
Registration Performed in 0 min 6 sec
============================================================================


=================================platf=CPU==================================
[reg_aladin_sym] Final forward transformation matrix::
0.951536	0.028753	-0.041030	-2.140427
-0.006635	0.906874	-0.118683	-7.718833
0.021798	0.133017	0.819388	-1.051968
0.000000	0.000000	0.000000	1.000000
[reg_aladin_sym] Final backward transformation matrix::
1.049581	-0.040133	0.046743	1.985942
0.003941	1.079599	0.156570	8.506383
-0.028562	-0.174191	1.193762	-0.149891
0.000000	0.000000	0.000000	1.000000
- - - - - - - - - - - - - - - - - - - - - - - - - - - - - - - - - - - - - - - -
Registration Performed in 0 min 3 sec
============================================================================


=================================platf=Cuda=================================
[reg_aladin_sym] Final forward transformation matrix::
0.9510	0.0304	-0.0410	-2.1798
-0.0069	0.9058	-0.1195	-7.6844
0.0232	0.1329	0.8189	-1.0414
-0.0000	-0.0000	0.0000	1.0000
[reg_aladin_sym] Final backward transformation matrix::
1.0501	-0.0421	0.0464	2.0139
0.0040	1.0807	0.1579	8.4775
-0.0304	-0.1742	1.1943	-0.1616
-0.0000	-0.0000	-0.0000	1.0000
- - - - - - - - - - - - - - - - - - - - - - - - - - - - - - - - - - - - - - - -
Registration Performed in 0 min 2 sec
============================================================================

****************************************************************************
****************************************************************************

reg_aladin -ref target.nii.gz -flo Baseline.nii.gz -lp 2 -pv 50 -maxit 2 -noSym
==================================master====================================
0.9118	0.0203	-0.0023	-1.7638
0.0110	0.9247	-0.1310	-8.5019
0.0167	0.1285	0.7800	-0.4180
0.0000	0.0000	0.0000	1.0000
- - - - - - - - - - - - - - - - - - - - - - - - - - - - - - - - - - - - - - - -
Registration Performed in 0 min 11 sec
============================================================================


=================================platf=CPU==================================

============================================================================


=================================platf=Cuda=================================

============================================================================

****************************************************************************
****************************************************************************

reg_aladin -ref target.nii.gz -flo Baseline.nii.gz -lp 2 -pv 50 -maxit 2
==================================master====================================
[reg_aladin_sym] Final forward transformation matrix::
0.9099	0.0246	-0.0078	-1.3937
-0.0116	0.9092	-0.1215	-7.2964
0.0096	0.1185	0.8123	-0.5853
0.0000	0.0000	0.0000	1.0000
[reg_aladin_sym] Final backward transformation matrix::
1.0985	-0.0305	0.0060	1.3123
0.0121	1.0785	0.1615	7.9805
-0.0148	-0.1570	1.2075	-0.4596
-0.0000	-0.0000	-0.0000	1.0000
- - - - - - - - - - - - - - - - - - - - - - - - - - - - - - - - - - - - - - - -
Registration Performed in 0 min 22 sec
============================================================================


=================================platf=CPU==================================

============================================================================


=================================platf=Cuda=================================

============================================================================

****************************************************************************
****************************************************************************



