1.
*******************************************************************************
reg_aladin -ref target.nii.gz -flo Baseline.nii.gz -lp 1 -pv 10 -maxit 1 -noSym
*******************************************************************************

==================================master=======================================
[reg_aladin] Final transformation matrix::
0.956749	-0.006696	0.027793	-2.310701
0.136597	1.000231	0.237971	-2.303836
0.001595	-0.161160	0.936110	-10.284247
0.000000	0.000000	0.000000	1.000000
-------------------------------------------------------------------------------

=================================platf=CPU=====================================
0.956749	-0.006696	0.027793	-2.310701
0.136597	1.000231	0.237971	-2.303836
0.001595	-0.161160	0.936110	-10.284247
0.000000	0.000000	0.000000	1.000000
-------------------------------------------------------------------------------

=================================platf=Cuda====================================
0.956749	-0.006696	0.027793	-2.310701
0.136597	1.000231	0.237971	-2.303836
0.001595	-0.161160	0.936110	-10.284247
0.000000	0.000000	0.000000	1.000000
-------------------------------------------------------------------------------

=================================platf=OpenCL==================================

-------------------------------------------------------------------------------

*******************************************************************************
*******************************************************************************

2.
*******************************************************************************
reg_aladin -ref target.nii.gz -flo Baseline.nii.gz -lp 1 -pv 10 -maxit 1
*******************************************************************************

==================================master=======================================
[reg_aladin_sym] Final forward transformation matrix::
0.968202	0.016498	-0.062434	-2.144819
0.002181	0.931828	-0.129283	-8.302706
0.042984	0.137280	0.819435	-0.704555
0.000000	0.000000	0.000000	1.000000
[reg_aladin_sym] Final backward transformation matrix::
1.029629	-0.029110	0.073856	2.018710
-0.009678	1.049056	0.164773	8.805335
-0.052388	-0.174221	1.188875	-0.721246
0.000000	0.000000	0.000000	1.000000
-------------------------------------------------------------------------------

=================================platf=CPU=====================================
[reg_aladin_sym] Final forward transformation matrix::
0.968202	0.016498	-0.062434	-2.144819
0.002181	0.931828	-0.129283	-8.302706
0.042984	0.137280	0.819435	-0.704555
0.000000	0.000000	0.000000	1.000000
[reg_aladin_sym] Final backward transformation matrix::
1.029629	-0.029110	0.073856	2.018710
-0.009678	1.049056	0.164773	8.805335
-0.052388	-0.174221	1.188875	-0.721246
0.000000	0.000000	0.000000	1.000000
-------------------------------------------------------------------------------

=================================platf=Cuda====================================
[reg_aladin_sym] Final forward transformation matrix::
0.968202	0.016498	-0.062434	-2.144819
0.002181	0.931828	-0.129283	-8.302706
0.042984	0.137280	0.819435	-0.704555
0.000000	0.000000	0.000000	1.000000
[reg_aladin_sym] Final backward transformation matrix::
1.029629	-0.029110	0.073856	2.018710
-0.009678	1.049056	0.164773	8.805335
-0.052388	-0.174221	1.188875	-0.721246
0.000000	0.000000	0.000000	1.000000
-------------------------------------------------------------------------------

=================================platf=OpenCL==================================

-------------------------------------------------------------------------------

*******************************************************************************
*******************************************************************************

3.
*******************************************************************************
reg_aladin -ref target.nii.gz -flo Baseline.nii.gz -lp 2 -pv 10 -maxit 1 -noSym
*******************************************************************************

==================================master=======================================
[reg_aladin] Final transformation matrix::
0.922923	-0.028349	0.009414	-2.051341
0.098156	0.964031	0.213907	-2.096730
0.000604	-0.153340	0.915696	-8.183867
0.000000	0.000000	0.000000	1.000000
-------------------------------------------------------------------------------

=================================platf=CPU=====================================
[reg_aladin] Final transformation matrix::
0.922923	-0.028349	0.009414	-2.051341
0.098156	0.964031	0.213907	-2.096730
0.000604	-0.153340	0.915696	-8.183867
0.000000	0.000000	0.000000	1.000000
-------------------------------------------------------------------------------

=================================platf=Cuda====================================
[reg_aladin] Final transformation matrix::
0.922923	-0.028349	0.009414	-2.051341
0.098156	0.964031	0.213907	-2.096730
0.000604	-0.153340	0.915696	-8.183867
0.000000	0.000000	0.000000	1.000000
-------------------------------------------------------------------------------

=================================platf=OpenCL==================================

-------------------------------------------------------------------------------

*******************************************************************************
*******************************************************************************

4.
*******************************************************************************
reg_aladin -ref target.nii.gz -flo Baseline.nii.gz -lp 2 -pv 10 -maxit 1
*******************************************************************************

==================================master=======================================
[reg_aladin_sym] Final forward transformation matrix::
0.951536	0.028753	-0.041030	-2.140427
-0.006635	0.906874	-0.118683	-7.718833
0.021798	0.133017	0.819388	-1.051968
0.000000	0.000000	0.000000	1.000000
[reg_aladin_sym] Final backward transformation matrix::
1.049581	-0.040133	0.046743	1.985942
0.003941	1.079599	0.156570	8.506383
-0.028562	-0.174191	1.193762	-0.149891
0.000000	0.000000	0.000000	1.000000
-------------------------------------------------------------------------------

=================================platf=CPU=====================================
[reg_aladin_sym] Final forward transformation matrix::
0.951536	0.028753	-0.041030	-2.140427
-0.006635	0.906874	-0.118683	-7.718833
0.021798	0.133017	0.819388	-1.051968
0.000000	0.000000	0.000000	1.000000
[reg_aladin_sym] Final backward transformation matrix::
1.049581	-0.040133	0.046743	1.985942
0.003941	1.079599	0.156570	8.506383
-0.028562	-0.174191	1.193762	-0.149891
0.000000	0.000000	0.000000	1.000000
-------------------------------------------------------------------------------

=================================platf=Cuda====================================
[reg_aladin_sym] Final forward transformation matrix::
0.951536	0.028753	-0.041030	-2.140427
-0.006635	0.906874	-0.118683	-7.718833
0.021798	0.133017	0.819388	-1.051968
0.000000	0.000000	0.000000	1.000000
[reg_aladin_sym] Final backward transformation matrix::
1.049581	-0.040133	0.046743	1.985942
0.003941	1.079599	0.156570	8.506383
-0.028562	-0.174191	1.193762	-0.149891
0.000000	0.000000	0.000000	1.000000

-------------------------------------------------------------------------------

=================================platf=OpenCL==================================

-------------------------------------------------------------------------------

*******************************************************************************
*******************************************************************************

5.
*******************************************************************************
reg_aladin -ref target.nii.gz -flo Baseline.nii.gz -lp 2 -pv 50 -maxit 1 -noSym
*******************************************************************************

==================================master=======================================
[reg_aladin] Final transformation matrix::
0.917099	0.032435	-0.018065	-1.841481
-0.014283	0.916794	-0.106999	-7.166186
0.004387	0.117626	0.785422	-0.357314
0.000000	0.000000	0.000000	1.000000 -platf 0
-------------------------------------------------------------------------------

=================================platf=CPU=====================================
[reg_aladin] Final transformation matrix::
0.917099	0.032435	-0.018065	-1.841481
-0.014283	0.916794	-0.106999	-7.166186
0.004387	0.117626	0.785422	-0.357314
0.000000	0.000000	0.000000	1.000000
-------------------------------------------------------------------------------

=================================platf=Cuda====================================
[reg_aladin] Final transformation matrix::
0.917099	0.032435	-0.018065	-1.841481
-0.014283	0.916794	-0.106999	-7.166186
0.004387	0.117626	0.785422	-0.357314
0.000000	0.000000	0.000000	1.000000
-------------------------------------------------------------------------------

=================================platf=OpenCL==================================

-------------------------------------------------------------------------------

*******************************************************************************
*******************************************************************************

6.
*******************************************************************************
reg_aladin -ref target.nii.gz -flo Baseline.nii.gz -lp 2 -pv 50 -maxit 1
*******************************************************************************

==================================master=======================================
[reg_aladin_sym] Final forward transformation matrix::
0.922978	0.032117	-0.009893	-2.099113
0.008494	0.915049	-0.112822	-7.434097
0.012835	0.116819	0.803474	-0.972290
0.000000	0.000000	0.000000	1.000000
[reg_aladin_sym] Final backward transformation matrix::
1.083700	-0.039040	0.007861	1.992226
-0.011979	1.074024	0.150664	8.105742
-0.015570	-0.155532	1.222565	-0.000233
0.000000	0.000000	0.000000	1.000000
-------------------------------------------------------------------------------

=================================platf=CPU=====================================
[reg_aladin_sym] Final forward transformation matrix::
0.922978	0.032117	-0.009893	-2.099113
0.008494	0.915049	-0.112822	-7.434097
0.012835	0.116819	0.803474	-0.972290
0.000000	0.000000	0.000000	1.000000
[reg_aladin_sym] Final backward transformation matrix::
1.083700	-0.039040	0.007861	1.992226
-0.011979	1.074024	0.150664	8.105742
-0.015570	-0.155532	1.222565	-0.000233
0.000000	0.000000	0.000000	1.000000
-------------------------------------------------------------------------------

=================================platf=Cuda====================================
[reg_aladin_sym] Final forward transformation matrix::
0.916101	0.033772	-0.011257	-1.852107
-0.010296	0.917412	-0.106681	-7.087984
0.005845	0.115655	0.805190	-0.751902
0.000000	0.000000	0.000000	1.000000
[reg_aladin_sym] Final backward transformation matrix::
1.091055	-0.041396	0.009769	1.734681
0.011137	1.071693	0.142146	7.723650
-0.009520	-0.153634	1.221454	-0.188175
0.000000	0.000000	0.000000	1.000000
-------------------------------------------------------------------------------failed

=================================platf=OpenCL==================================

-------------------------------------------------------------------------------

*******************************************************************************
*******************************************************************************

7.
*******************************************************************************
reg_aladin -ref target.nii.gz -flo Baseline.nii.gz -lp 2 -pv 50 -maxit 2 -noSym
*******************************************************************************

==================================master=======================================
[reg_aladin] Final transformation matrix::
0.909727	0.019065	-0.003116	-1.798932
0.012686	0.925058	-0.130786	-8.464552
0.017595	0.129550	0.779625	-0.402836
0.000000	0.000000	0.000000	1.000000
-------------------------------------------------------------------------------

=================================platf=CPU=====================================
[reg_aladin] Final transformation matrix::
0.909727	0.019065	-0.003116	-1.798932
0.012686	0.925058	-0.130786	-8.464552
0.017595	0.129550	0.779625	-0.402836
0.000000	0.000000	0.000000	1.000000
-------------------------------------------------------------------------------

=================================platf=Cuda====================================
[reg_aladin] Final transformation matrix::
0.909727	0.019065	-0.003116	-1.798932
0.012686	0.925058	-0.130786	-8.464552
0.017595	0.129550	0.779625	-0.402836
0.000000	0.000000	0.000000	1.000000
-------------------------------------------------------------------------------failed

=================================platf=OpenCL==================================

-------------------------------------------------------------------------------

*******************************************************************************
*******************************************************************************


8.
*******************************************************************************
reg_aladin -ref target.nii.gz -flo Baseline.nii.gz -lp 2 -pv 50 -maxit 2
*******************************************************************************

==================================master=======================================
[reg_aladin_sym] Final forward transformation matrix::
0.917231	0.032664	-0.002678	-1.667892
-0.006440	0.921100	-0.126104	-8.025315
0.015354	0.124518	0.803873	-1.005487
0.000000	0.000000	0.000000	1.000000
[reg_aladin_sym] Final backward transformation matrix::
1.090009	-0.038332	-0.002382	1.507997
0.004672	1.062949	0.166762	8.705972
-0.021542	-0.163916	1.218193	-0.126529
0.000000	0.000000	0.000000	1.000000
-------------------------------------------------------------------------------

=================================platf=CPU=====================================
[reg_aladin_sym] Final forward transformation matrix::
0.917231	0.032664	-0.002678	-1.667892
-0.006440	0.921100	-0.126104	-8.025315
0.015354	0.124518	0.803873	-1.005487
0.000000	0.000000	0.000000	1.000000
[reg_aladin_sym] Final backward transformation matrix::
1.090009	-0.038332	-0.002382	1.507997
0.004672	1.062949	0.166762	8.705972
-0.021542	-0.163916	1.218193	-0.126529
0.000000	0.000000	0.000000	1.000000
-------------------------------------------------------------------------------

=================================platf=Cuda====================================
[reg_aladin_sym] Final forward transformation matrix::
0.905626	0.026619	-0.005942	-1.429988
-0.014474	0.918343	-0.119693	-7.296583
0.005655	0.119942	0.806887	-0.569889
0.000000	0.000000	0.000000	1.000000
[reg_aladin_sym] Final backward transformation matrix::
1.103670	-0.032424	0.003318	1.343544
0.016076	1.067749	0.158508	7.904239
-0.010124	-0.158492	1.215746	-0.478087
0.000000	0.000000	0.000000	1.000000

-------------------------------------------------------------------------------

=================================platf=OpenCL==================================

-------------------------------------------------------------------------------

*******************************************************************************
*******************************************************************************